"logret 1" "logret 2" "logret 3" "logret 4" "logret 5"
"1" -0.0212322123832873 -0.00884637553933842 -0.0350998115556724 0.0133248366514507 -0.084191400258308
"2" -0.00323334384054164 0.00663572732032325 -0.0139583452338949 0.0122106955430961 -0.0400401401136499
"3" 0.00487650286337171 0.0982761982095379 0.0084377166704519 0.0749875247868839 0.0333325188065308
"4" 0.0900753904942171 0.062040379320262 0.14051321861768 0.135254062677333 0.110926731444184
"5" 0.0469973689948819 0.0171630440619346 0.0719388439523174 0.041047934080177 0.167427941261889
"6" 0.00610520570684159 0.0853161839671639 -0.00719584172411358 -0.0356039788316749 0.193546301329825
"7" 0.0986891511163783 0.0188703677099511 0.0701430550276074 0.107214755252514 0.416482561496565
"8" -0.0585410431213376 0.0102678671095831 -0.0513648451572566 -0.0672847337868214 0.00112584310948094
"9" 0.0359723719530098 0.128287650015966 0.015997771605339 0.0443442347603593 0.0204583841195571
"10" -0.00761987035390099 0.0754714565627514 0.0232494256666107 0.04630224947838 -0.000696419181571706
"11" 0.0208246788190802 -0.0280487525565958 0.0891023656586581 -0.00263974522365462 -0.082252948446726
"12" -0.0672087929506286 -0.0287734667046573 -0.062328135085844 -0.0708979466174444 -0.0592998882558975
"13" 0.0108137837905513 -0.0850005412144608 -0.00762271824392957 -0.00648042348968625 0.0239177187099839
"14" -0.058835237215213 0.083174666492611 -0.111940701810462 -0.0961748514519005 -0.166809426226894
"15" 0.078996379041147 0.0430705878872173 0.108453837701901 0.149563721093536 0.15764462217628
"16" -0.0420752614759738 0.0139344193302282 -0.043736807176164 -0.0515299900238348 -0.0716568939678242
"17" 0.0282865721172882 -0.0278629088441997 0.0240867893182865 0.0314900159894891 0.00874440358894812
"18" -0.0378924565625027 0.0259026056980289 -0.0525541773990986 -0.0573740292817058 -0.089183074221733
"19" 0.0330857862308651 0.0969307314128134 0.0395254076385343 0.0582846236643357 0.0967940213448362
"20" 0.0183237467376642 -0.00679696415425202 0.0251483645338717 0.0426527822318437 0.0412252054869544
"21" -0.0275402876021467 0.0132695453836327 -0.0489925005830403 -0.0428896962974488 -0.0624963471707334
"22" 0.00922459599647496 0.0137569758517779 0.00309680832718429 0.0144787472199144 -0.0024802873695533
"23" -0.00579366095880829 0.00891252791960717 -0.0143573688546887 0.0728277302097045 -0.00586582458593554
"24" 0.0618875160853047 -0.0165445229374797 0.0425392185088012 0.120956211573705 0.0399511444955909
"25" -0.0100211805464934 -0.0206815490437631 -0.00971027093120891 -0.0335595701966231 -0.0333703166944161
"26" 0.000141537512876155 -9.45075772058601e-05 0.00674119605427914 0.0398332104736818 0.00259599037973857
"27" -0.0014343677818438 -0.141429380450522 0.00715629848641153 -0.0167828193402499 -0.0091828841829189
"28" -0.0969618639524796 -0.0278011805297664 -0.112920784485157 -0.14607398899535 -0.17335114458327
"29" 0.00254344645634141 -0.00880965178162896 0.00277948498460656 -0.0468533625846907 -0.0302412556627676
"30" -0.00397572604637197 -0.0655243662361036 -0.00135117755329706 0.0086976061770665 0.0284377579850137
"31" -0.0295597329362991 0.0670092907623925 -0.042171509533806 -0.0689673816926857 -0.0651429446024228
"32" 0.0398732273931497 -0.0216979824380426 0.0514332538834403 0.068400046585646 0.0588536703484364
"33" -0.0219061065100217 -0.00938927107168563 -0.0226185604491216 -0.0323485259480978 -0.0449448985275476
"34" 0.00750075523907512 0.0076013685110583 0.00907468248422205 0.0130315423861038 0.00846920086979175
"35" 0.00731533340967161 -0.0118129578710233 -0.00149434003237769 0.00624228620493206 0.0162872843198549
"36" -0.00658503132237875 0.0095597590740768 -0.016421322484673 -0.0217877431406226 -0.0217472345482035
"37" 0.0206197653538052 -0.0254801021990696 0.0216714640814482 0.041356526665254 0.0159856569079055
"38" -0.0414313236509898 -0.0224906493977155 -0.0347465154714444 -0.0516685277497042 -0.0549544225609715
"39" -0.000521743097179339 0.00894434898607965 0.0023360412163882 0.00782270821227016 -0.00379721174232017
"40" 0.011983969315656 -0.00190522757155343 0.000272533658743468 0.0203782190987978 0.0475979397319177
"41" -0.0083605504767128 -0.00741071970341523 -0.0135202008487869 0.00276384972464871 0.0292496482827875
"42" 0.00842788365688563 -0.00736415899355958 0.00696789124732566 0.0291514580408907 -0.0203902184422535
"43" -0.00418303999575365 -0.00471112404532814 -0.00698172430450605 0.00612799807467379 -0.0151610767802453
"44" -0.00123234180757237 -0.0259745148763209 -0.00541368576094614 -0.00109032866807279 -0.0101623655137351
"45" -0.00645503842471307 -0.0500788923123077 -0.0206513512735316 -0.0192568641188067 -0.0357411933791258
"46" -0.0302315487198648 -0.017480856518084 -0.0450820117239223 -0.0353623000138934 -0.0850290260036788
"47" -0.00918604464807871 0.0171230297007661 -0.0207438934921698 -0.00706885014358383 -0.0173009723234259
"48" 0.0108185894093253 -0.000696212270057117 0.108339296337492 0.0258163428248235 0.0635957196409329
"49" -0.00801316133850705 -0.00232784334975555 -0.0361124498203422 -0.00921796175231338 -0.0286352527261764
"50" 0.00813132603664712 0.0159204728995759 -0.0108532771089753 0.0348670908617268 0.0134213781086654
"51" 0.00877145528516188 -0.0108474861728656 0.00823788436204542 0.0548292589029025 0.0463868413750603
"52" -0.0155607225173782 -0.00621735401086099 -0.0277774313422186 -0.0365079714833807 -0.0227970883004716
"53" -0.00118819998094466 -0.000158475466854213 -0.0125222108967087 0.0208875894432623 -0.00100726507194437
"54" 0.00482197657519201 -0.0221149296292333 0.00409588812005812 0.00777057381814128 -0.0100601622483021
"55" -0.017629624287375 -0.00422553865309894 -0.0348940206795862 -0.0435550008824097 -0.0225057342538459
"56" -0.00231465494212379 0.119194600850895 0.0080245327443893 0.0108080353889486 0.00559415015604436
"57" 0.0749209448722556 0.0140789834511423 0.069705756452245 0.260536900153408 0.115479222964075
"58" 0.00110436486284726 0.0379099505295155 -0.000153802828947835 0.0375288650615051 -0.00948024712865614
"59" 0.00530660991375598 -0.0151860754547695 -0.00813555307949732 0.0484313496791864 -0.00867977173483503
"60" -0.013950215809615 -0.00218547109576495 -0.0235951679876343 -0.08920298087348 -0.0393411802256294
"61" -0.00268177626282728 0.00158797887513717 0.00490242603757318 0.0202620296827769 0.000143665203649945
"62" -0.00109127896337391 -0.00723764148517514 0.00150250441354838 -0.0489088402701725 -3.56767214411136e-05
"63" -0.00478651393543217 0.00148272726232967 -0.0107784036579741 -0.00750115909540305 -0.00786947698199736
"64" 0.00190447436852104 0.00880092931314369 0.00333659195824487 0.0287630323938952 0.00138033797000858
"65" 0.00413939872692204 0.0794736388858084 -0.00393351839992007 0.0224878237691684 0.00221417013160519
"66" 0.0120960051645387 0.0786602216110381 0.0079429959991042 0.00848375341659269 0.0215634976316741
"67" 0.065374112298441 0.013094537446217 0.062050302616486 0.0861487270875108 0.14649349458861
"68" 0.00471446849012302 0.0125728536162262 0.00714780427445216 -0.00938086820196737 -0.0104410743614469
"69" 0.0124978818162464 -0.000225422428509425 0.0226294942235292 0.0846530142814799 0.0321983117475861
"70" -0.00976505518480764 0.00241009552115479 -0.0354661770295441 -0.0530092617362112 -0.0360260922032669
"71" 0.0104556545994239 0.0555872720407944 0.00590675893645476 0.0119982948900104 0.0145566596608173
"72" 0.0423073343429312 -0.115793320602003 0.0372996175846536 0.0439586153244407 0.0733585474822886
"73" -0.0954567064948062 -0.0171257856991236 -0.10921946003927 -0.160689069021886 -0.191376568714697
"74" 0.0231323868865019 0.0132719362741742 0.0952403698117119 0.0397760056547796 0.0499381820420819
"75" -0.00782613272904698 -0.0152496925628878 -0.0345474706038087 -0.0162917728858063 -0.0110360942669647
"76" -1.18277117362453e-05 -0.00377669936594494 -0.0222201948773191 0.00640939780442951 -0.00990691858693182
"77" -0.00116450429513648 0.00416907668452193 0.0132412079422013 0.0112789517867711 -0.00678740877105
"78" 0.00486881199275224 -0.0121012831418321 0.00598947099352265 0.0317615351446805 0.00898609316950871
"79" 0.000777870852779472 -0.0172238244529739 -0.00450520633224838 0.0288918714751514 -0.00348134717183424
"80" -0.00628236300152274 -0.0381220885779587 -0.0137381298224579 -0.0161484783842112 -0.00959771774206253
"81" -0.0236316356491724 0.0561672401602165 -0.0265442666882678 -0.040717015888097 -0.0481094464026128
"82" 0.038374628044215 0.026105009267507 0.0411963658375256 0.137252385910202 0.0696633565871032
"83" -0.00023516836755455 -0.00270714607958755 0.0017648619546502 0.0510570399683599 -0.00791785030665704
"84" 0.00427686094118052 -0.0178028447245895 -0.00814929636283157 0.0262035936112985 -0.00569885797661396
"85" -0.00380922780990645 0.00602575557506224 -0.017332452227085 -0.0218216599185235 -0.0222741654810834
"86" 0.0187437770081047 0.00473505184427303 0.0172875108923121 0.0379760376183267 0.0427544111832994
"87" -0.0044690700144141 -0.0216946436954384 -0.00119863475780591 -0.0200636751082657 -0.0157086602253385
"88" -0.0125894379207629 0.00112224589560306 -0.00860027619445214 -0.0297530645295616 -0.0197492329245552
"89" 0.00416353453136864 -0.00208854781967016 -0.00054066092081384 0.0292632766755734 -0.00240702367803269
"90" -0.00530084104595119 -0.00736918575643841 0.0120264779064934 -0.021102861572726 -0.00349584125221725
"91" 0.00239121577339141 0.0241682919438269 -0.00853813299916872 0.00973386003810273 0.0328055089943566
"92" 0.0113987880671669 0.0338289076183287 0.0111172030977322 0.0436933727220952 0.0804772643425133
"93" 0.0223625773938831 0.000701298115875382 0.0135791768430207 0.0468280493611131 0.0836819800798834
"94" -0.00550136829624037 -0.0153238980430297 -0.0111209165787862 -0.010603922915398 -0.00931542757219539
"95" 0.00173310762175838 0.00411739831896352 -0.00149899543566456 -0.0210534954935921 0.0429411820252819
"96" 0.00795120534569271 0.0057974913213652 0.00515739510035429 0.00524838753494361 -0.00373092135355879
"97" 0.00535672869129655 -0.0206710433572486 0.00427582507884261 0.0134410243266405 -0.00900535449408046
"98" -0.0133272920862062 -0.00495802418556757 -0.0247917725870717 -0.0291205250459745 -0.0371794684020763
"99" 0.00259238201707568 0.00863711487175234 0.00331831908082281 0.0127234743531295 0.0229893917666582
"100" -9.86894541732397e-05 -0.00379129801302813 0.000635865243772571 0.0217015329795025 0.0582342146013577
"101" -0.00284463375980337 -0.0118706100117407 -0.0121464877524287 -0.0159596191318503 -0.0117252745757721
"102" -0.0172683066042847 -0.00580342171527715 -0.017414314157483 -0.0145911312439884 -0.0290398737284017
"103" 0.00372578423865733 0.0299077600197206 -0.00014737488415717 -0.00371804180727509 -0.00378148334819617
"104" 0.0259840700741645 0.00620669157302611 0.0252266594469279 0.0474852187615546 0.0728597335548544
"105" -0.0034784472461169 0.022121085607866 -0.0121389014249322 -0.0173635066339539 -0.0180780181615585
"106" 0.0197000072297726 0.00700729448553172 0.00717693006249509 0.0160584917391651 0.0171492789391099
"107" 0.000870049835707931 -0.00344295897911628 0.00951142972904284 -0.0158670049421579 -0.0195819420544492
"108" -0.000176899456354462 -0.00362445997718375 -0.00575335081289796 0.00185448165088964 0.0111199613376698
"109" 0.0113183869793581 0.136656146885267 0.0120159631995662 0.000540816848431547 -0.00745207455342101
"110" 0.169353102790289 0.0016812256621348 0.126908662042183 0.249694811304642 0.37322948141732
"111" 0.0141793745184557 -0.0178591800078358 -0.0334237043631453 0.0983913233931704 0.214114653820374
"112" -0.0137205846813409 0.0152344812864147 -0.036187647167025 -0.00748399319320647 -0.0510108869072665
"113" 0.0265554033858244 0.0226036027834322 0.0947616525378798 0.0450701082444844 0.0266430612279285
"114" 0.0014389468240541 0.0376978748675425 -0.0285459171685121 0.0398549450928769 0.0419808420319434
"115" 0.0299622423238528 0.0435700076863661 0.0285172742815027 -0.00505775086077787 0.0455539860154168
"116" 0.0172837052646777 -0.00575887413078746 -0.0125907756793897 -0.0267241094854436 -0.0339490692466731
"117" -0.0184612760589626 -0.00920117406488252 -0.0248260099606328 -0.0298749932062154 -0.0473233884642577
"118" 0.0239613374685597 -0.0428658970797988 0.0133151257631705 0.0171926939878473 0.0307680521551656
"119" -0.0526838677921901 -0.0301306589260548 -0.0736921705876106 -0.107356626449826 -0.116067431512855
"120" 0.00712792615636104 -0.00285042193231888 -0.0128138446935087 -0.0050041247000161 0.0386145238476399
"121" -0.00207610213104914 0.0168089123444597 0.00284071721247825 -0.0130312687928509 -0.0131132343492188
"122" 0.0175688653576582 -0.0316326701437148 0.0110186043700329 0.0714035283672407 0.0381348466922189
"123" -0.024956006480064 0.0118115933487992 -0.0327061449149655 -0.067187694234164 0.077807973406216
"124" 0.0333868736846465 0.0178674315592104 0.0209039231139334 0.0332795762329683 0.0120400377359973
"125" 0.00329143122394271 0.0332556518857672 0.0278195549306222 -0.0232541750514486 -0.0208215397834826
"126" 0.0118336010913804 0.0092374662719461 0.0041667046455407 0.0369165423083171 -0.0110350570477404
"127" 0.00128170419331575 0.000307219313373075 -0.0133814173057758 0.00590211201412405 0.000892546031098895
"128" 0.0058880836086086 -0.0171870934527139 -0.0108926067139619 -0.0109819109820171 -0.0213072286611293
"129" -0.00392803151660281 0.00172046766492162 -0.0190636307318883 -0.0544571222601204 -0.0326266799211545
"130" 0.0159315121157615 -0.00489723289509758 0.00536923076188578 -0.00490026933980481 0.00693429787444888
"131" 0.0258797834349949 -0.017870339678427 -0.0118131282106928 -0.0362885406915083 -0.014247703134969
"132" -0.0153399350308909 -0.0652691071236795 -0.0621856363751561 -0.0147554083844801 -0.0346074179195197
"133" -0.0562023740415842 -0.0244021673800878 -0.0472565245975083 -0.0339769646851646 -0.05495107759603
"134" 0.00367666613805184 0.00916116320949456 0.0257818492307207 0.0139699883219011 -0.0176736287528092
"135" 0.00308125654459168 0.000310345024507441 -0.00733085723500571 -0.0153550337774444 0.00113505393014091
"136" -0.00156855142859946 -0.0112171895032951 -0.00304461970915715 -0.0394329046288124 -0.0402233200248867
"137" -0.0020943854377915 0.0345909558097475 -0.0097667395865304 -0.0191453716216934 -0.0617804610208665
"138" 0.0212116395281043 0.00657485561589954 0.0556931863037171 0.098085407166665 0.122862602607083
"139" 0.00980331736565532 -0.00263519509588228 -0.0194422049775032 -0.0125638599022686 0.0104564750482421
"140" 0.0138520053816151 0.0326846367637375 -0.00900685726041051 -0.00276862359369456 -0.0107647031347087
"141" 0.0473917281531548 -0.00600961974003322 0.0194927383397039 0.0730724089193195 0.0818822976439497
"142" 0.0190576156694959 -0.00869814189406437 -0.00813517915365858 -0.00977528190336763 -0.0002744987716925
"143" -0.00893790393958582 0.0489325258954079 -0.00882799099331355 -0.0289348671486707 0.0105280179785803
"144" -0.0048052725799046 -0.0113600816531845 0.00849881016175535 -0.00870720313190798 -0.0172925350160016
"145" 0.0111557121909467 0.00244320809479337 -0.0199922176129892 -0.0119135076691252 -0.0176863829748797
"146" 0.0326440275251141 0.00987010519418696 0.0112915341493804 0.00671845544914618 0.0132586523470142
"147" 0.034287036285356 0.0105934707073869 -0.0122319842964556 0.00011401422570767 -0.0057697992071768
"148" 0.030988265851617 0.102259917012723 0.0132077465564204 0.0392114481947274 0.0108236845735803
"149" 0.1268734796614 -0.00566512732114433 0.0780019861357415 0.137521018747732 0.213185670357675
"150" -0.03189235354081 0.0248639910736399 -0.0355039962640267 -0.0389206197365342 0.00591293341949584
"151" 0.112570200333836 0.0889166746128476 0.0434852754503072 0.0351920124357052 0.0759940285192293
"152" 0.0228338404396471 0.129491375000365 0.230303070068932 0.0429167042352878 0.0140945647396213
"153" 0.025199582127847 0.0794573308830735 0.115154215037617 0.109765897493272 0.0378705158215515
"154" -0.039502004236093 -0.0328198114974025 -0.0874488829176506 -0.0662880247740869 -0.0137082069086834
"155" -0.0675959304332476 -0.0497968976626098 -0.073681690011562 -0.0629370064511416 -0.0811555518547271
"156" -0.0122699376361783 0.0615836805316023 -0.0447554648350057 -0.0345730996112268 -0.0258645088586382
"157" 0.119202856533773 -0.00178751775058217 0.116782104904188 0.090979275775295 0.154956383473632
"158" -0.0243074926165203 -0.0048535246896515 -0.0473163914860505 -0.0360165306006435 -0.00895751624377006
"159" -0.00530922601992323 -0.0272965944989414 -0.0060631539953887 -0.00391902875997019 0.00606834565825665
"160" -0.0403795144420833 -0.00903195780591304 -0.0651908449199676 -0.0394931290093048 -0.0725456075675091
"161" 0.0316567464778608 0.01358322577327 0.0235643290290201 0.0134652265103368 0.0451103748949011
"162" 0.0144558356636875 0.00922343271282422 0.00831811733771126 0.121787089369056 0.00752352670658851
"163" 0.0090471612525711 0.00585818711952246 0.0090096557474022 0.0248824765123601 -0.00655524005177366
"164" 0.0778922422509858 0.0614442668041733 0.0542543939403453 0.0876774295182683 0.0647307415239444
"165" 0.00519462333000931 0.0115453806526009 0.058117913265212 0.0349791993021782 0.0140501403847244
"166" -0.00698848195762736 -0.00119684107958484 0.0335778528826405 -0.0140132784949412 -0.0139443027557098
"167" -0.00579966386063369 -0.00653147216216965 -0.00970638967037052 0.0028279512389302 0.0522607842534812
"168" -0.0430931433512729 -0.0535658911128802 -0.0577715454998542 -0.0634415229235117 -0.0777778084605343
"169" 0.0310946297713475 0.045995965880941 0.0445984610410779 0.0564497733190121 0.0482007478073658
"170" -0.000358523563646074 -0.00865878158069666 -0.0202288024644643 -0.0171433984495799 -0.0248886533356885
"171" 0.0231918788482304 0.0178859702284591 0.0370827849616554 0.0202403247772835 0.0219248548554383
"172" -0.0757506387230453 -0.0776694437840524 -0.0662643834915856 -0.0798870874865996 -0.0967622954590599
"173" -0.0566969953627314 -0.0353217903242706 -0.0480062573701144 -0.0379443564501463 -0.0479741411735333
"174" 0.0164072915179361 0.0236352067406962 0.00880987941301437 0.0186242356345234 0.0391508820621143
"175" 0.00237015599780932 0.0122255748437778 0.0465174072661113 0.0703873175759018 -0.00162119291448715
"176" 0.0241683457307396 -0.000784966966355327 0.00150536577009686 0.0500184990903945 0.00659406328116496
"177" -0.00830214836737397 -0.0217707657211035 -0.0285131842044197 0.0112997838931701 -0.0152985476381291
"178" -0.0371184197385475 -0.0484321552642122 -0.0583023569080964 -0.0311543391797233 -0.0331478365904836
"179" 0.0472300071936651 0.0631100945688194 0.0399596382090605 0.122225863298062 0.0345697929109052
"180" -0.0130268563412699 -0.00559443457462905 -0.0209267174943576 0.0477433603486324 -0.015711427626913
"181" 0.0320720842562121 0.0635561711473445 0.0233989502788905 -0.000228576444873063 0.0224106441748484
"182" 0.00656550977074311 -0.0278102830314566 -0.00813992614149339 -0.0398821686331168 0.0367192790368946
"183" 0.0555594375868118 0.033265921743479 0.0121664507527599 0.013772389737734 0.0222263008561248
"184" 0.0174570227069015 0.0195004285386577 0.0159904153774468 0.0413510026753992 0.00551969735733593
"185" 0.0144591679562485 -0.00235790781789991 0.0412750446478594 -0.00972496314378901 0.00969437554601793
"186" 0.0382717772461305 0.0182040768421841 0.0451374104953991 -0.0210873458281613 0.00771933785424661
"187" -0.0262087229087555 -0.0325786732821651 -0.0474049238271322 0.00832572005359733 -0.0406407383966485
"188" 0.0224113573580542 0.0169148864817457 0.0190636710031384 0.0123197006597477 0.00742614287332355
"189" 0.0265939414023411 0.014740243199638 -0.0102167031331825 -0.00693457717338308 -0.00831988004504058
"190" 0.0684599656098044 0.0815528585877354 0.0326500796113803 0.0225383773610339 0.0658051279314451
"191" 0.0422917688759803 0.0400205895502621 0.0630156834243247 0.0170716640424553 0.0826436432251256
"192" 0.0153442186791963 -0.00545518149301039 -0.0149066547651944 -0.0350326339675551 -0.0105018248657824
"193" 0.0172460184637604 0.0130979150820192 0.0103697084589317 -0.00980337136264353 0.00663525961356903
"194" 0.0644961151536396 0.0202656329760362 -0.0133826213785806 0.00272085062132099 -0.000396755993559594
"195" 0.0936605613282087 0.0477265526229305 -0.0103628287936463 -0.0384654642680671 0.00740558413394954
"196" -0.144115507346653 -0.123762983597524 -0.131323856135254 -0.134154520593925 -0.155314983004847
"197" 0.102134334848744 0.0529706232811682 0.0481673059984041 0.0462065864382595 0.0530369125274417
"198" -0.0406727971679732 0.023379267127229 0.00184391507695492 0.109430061291238 0.0129414603300146
"199" -0.0997255951841325 -0.0910448042992362 -0.0810940996857281 -0.0889409694550363 -0.0979442052285746
"200" -0.0156064857284424 0.011984155413634 0.0329182813020573 0.0046527916066319 0.0414831419059603
"201" 0.0232004131809749 -0.00663385575821795 -0.0180677573532014 -0.0328554555928742 -0.021000792627369
"202" 0.0999027610226513 0.0348287501185363 0.0194172716533807 0.0268112569834278 0.0355690153359385
"203" -0.0729134503739104 -0.0643232505346667 -0.0480263461832492 -0.0180188365558287 -0.0543773102623897
"204" -0.0111669932860163 0.0182056838501641 -0.0181483128826755 -0.00879198268664183 0.00165039982848292
"205" 0.021161028801977 -9.68985998710536e-05 0.0253217631021041 -0.002441148870024 0.0151149043915328
"206" 0.0199499116214579 0.0621601322659036 0.0229315826369618 0.0160126158570231 0.0152360850166184
"207" 0.0689642067618532 0.0219723139652253 0.0100655329620009 0.0269464804634882 0.0131240815265921
"208" 0.0243551277725764 -0.0182276264746672 -0.0195022166743976 -0.0322665628503787 -0.00558922862372846
"209" -0.0395334533027576 -0.0664124049549271 -0.0882066104977609 -0.0987039081993695 -0.0658822028143691
"210" -0.0627412018063076 -0.0674490174011302 -0.0933186216051411 -0.0504731648222307 -0.11754978643525
"211" 0.0384245917108679 0.023680146089367 0.0460633121307823 0.0209287570535759 0.0222605646408018
"212" -0.0367437765266558 -0.0349524309627416 -0.0357842881221315 -0.0384818480301155 -0.0285473931189699
"213" -0.102388866813914 -0.15461408555633 -0.0798049667309715 -0.119146655390981 -0.184722087062131
"214" 0.0539846414361751 -0.0017188197861282 0.0203321293753218 0.00823562998921457 0.0918554364358481
"215" -0.140484925158486 -0.133346753420208 -0.0590368178808693 -0.128389430412181 -0.103927393446308
"216" 0.0302114250739756 0.0639207715538896 0.0520021384232174 0.12611642806988 0.0359160558320415
"217" 0.0905074983638574 0.0626043998865091 0.030771152631301 0.1138601683367 0.0722709168598445
"218" -0.00944401740941281 -0.0182883602308754 -0.00323365651769669 -0.0252946868723658 -0.019984136297273
"219" 0.0213543254666373 0.030426598308944 0.0422870512262543 0.0179488209225696 0.0527880702386128
"220" -0.0160521009930683 -0.0156061212832483 -0.00822533481539822 -0.0072029897841297 -0.012587901170849
"221" -0.0264454008889956 -0.0385785499815023 -0.031861831221857 -0.0483218383835666 -0.0351305851516219
"222" -0.0464503324302328 -0.0203860191019869 -0.0391178035206559 -0.0549246259043592 -0.0413956506856135
"223" -0.00819271833211843 0.0207729758441797 0.0241150526193297 0.0485660789900129 0.0182353618836615
"224" 0.0117024992116477 0.0115135298087328 -0.00845091567754408 -0.012760839864546 -0.00227660462068169
"225" -0.00362164196722503 -0.000839049858926799 0.0339345886986955 0.0111412035131098 0.0508329330858253
"226" -0.0378969783648078 -0.0551415446250711 -0.0455882767084392 -0.0598078976668956 -0.040874348117061
"227" 0.0055667145201479 0.0196643891632524 0.00748925525979538 0.0133130113490676 0.0184880270087593
"228" -0.00289173249534613 -0.00292102615433265 -0.00644631672103113 0.00280871620349021 -0.0173841671371884
"229" 0.00723221674667407 -0.00494457504952184 0.0261513507095139 -0.00126747810591787 0.0399074283648391
"230" 0.0537946735599686 0.0413753868751989 0.00572368037681326 0.0919750117015612 0.0341265552805963
"231" 0.0306386454101251 -0.00423048986562247 -0.0104208585465868 0.000877693893977849 0.00270335804812749
"232" 0.0108284738634374 0.00144730803838122 -0.014987610079167 -0.0427056501557379 -0.00531732132057527
"233" 0.0266431964868712 0.0181863756690062 0.0138829698066876 -0.00666969729787859 0.0225395326220834
"234" 0.0166314851291673 0.00786450953134477 0.0122501774803532 -0.0115725434957499 0.00415371982033985
"235" 0.069124217277805 0.038036966227561 0.00279246121527166 0.0331687020156872 0.0287149452789688
"236" -0.0275459639006144 -0.0286812064675761 -0.0312826672762656 -0.0345949031238284 -0.0336703192997909
"237" 0.0424304900769741 -0.00130603785362826 -0.00093323248878896 -0.0272703734462603 0.00796808288647899
"238" 0.00169138373801836 -0.0222831344249022 -0.00935968984257429 -0.0047535101133942 -0.0138372041322903
"239" -0.0103896773977734 -0.0488189784391855 -0.0398987652347498 -0.0658016563243216 -0.0588056408106663
"240" -0.0495742384117648 -0.0162851972486218 0.00856241197462793 0.0105522090718297 0.00363647450025173
"241" 0.0223265892446722 0.0435785627750747 0.0145610391207562 0.0530903625225436 0.0700078417186818
"242" -0.0153080228312277 -0.0230272720338753 -0.00826722438706207 -0.0473837863234277 -0.0278154635594872
"243" -0.0452069785065667 -0.0171948928420464 -0.0115464548663009 -0.0150533559704566 0.0519107830652104
"244" -0.0808426657418728 -0.107410141398991 -0.12323801155237 -0.109218145738619 -0.109555895835133
"245" 0.027815849166382 0.00957893895657413 0.00608763797813983 0.00744317525224147 0.0118620218778034
"246" 0.00530048417645901 -0.0147409959977169 -0.010916169235486 -0.019338183451084 -0.0160489777938135
"247" -0.0133362953628371 0.00289606870667924 0.0175053063865516 -0.0277634146167562 -0.00870677107403584
"248" 0.00949980582456078 0.0469774853105962 0.0637687978109822 0.0478766945426177 0.0329651767363988
"249" 0.0579130582716356 0.038342661550443 -0.00321307440232577 0.0116566722793969 0.027164337676246
"250" -0.0160384797599189 -0.0312477046669937 -0.0294501007640471 -0.0277748336919252 -0.032806796463932
"251" -0.0596882336384752 -0.0457637137408549 -0.0313939526443627 -0.026699951459082 -0.0362232949043371
"252" 0.000145479612060129 0.0214492020650665 0.0208512689282927 0.00578457923126052 0.0281287905150789
"253" 0.0265167271852373 0.0147411508878807 0.0223359740972024 0.0265019987254052 0.0111650064516802
"254" -0.0254195677797977 -0.0191562466412103 -0.0201510471578572 -0.0284466871501818 -0.0319971204366718
"255" -0.0029379285009643 -0.0218430496955939 -0.0087269352092918 -0.0166336245822354 -0.00281930913409578
"256" 0.0242020639527105 0.00938726069070572 0.00206747009234931 0.0175035519903481 0.018188660120841
"257" -0.0192889247845827 -0.0105825168854281 -0.00306594671780713 -0.00959091045618266 -0.00969717058601294
"258" -0.0455390000640907 -0.07575740173748 -0.0494660751518534 -0.0859309199283125 -0.0527781191539169
"259" -0.0242412843949484 -0.0241925411528507 0.00118588531556529 -0.0512753121648846 -0.0441917464734622
"260" 0.0106427339198643 8.13038063505189e-05 -0.00469869206825346 0.0124612965489117 -0.00229508488247632
"261" 0.00214966071385092 0.0194111865549056 0.0103842947381954 0.00263903944634425 0.0018917458872405
"262" 0.0162597523209325 -0.00266177375820664 -0.00544295953908835 0.0265335782245995 0.00849728534838246
"263" 0.0623826522513387 0.0421160230735849 0.0192659361291696 0.0164607241805896 0.0429952709008319
"264" 0.0232511862844973 0.00119191361539883 0.00725544188623917 0.0292571889855004 0.0233868856861479
"265" -0.00511808078926457 -0.02323351705052 -0.0180005069065969 -0.030460981714616 -0.0218492145469957
"266" -2.06712320434121e-05 -0.00489962997706161 -0.00941419910761554 -0.0269852767673324 -0.00658548358323507
"267" -0.0252107498215732 -0.0265294978966724 -0.0190093151800326 -0.00456237991974984 -0.0193940392447791
"268" 0.0162176916928658 0.0505828408460385 0.0344572222035309 0.057305805115071 0.0451418988638377
"269" -0.00748054174334278 0.0186651097630133 0.00851034485280566 0.0241291788255671 0.0215936493429991
"270" -0.00912324903426054 -0.00493614804751275 -0.0152636135667399 -0.00765985483470644 -0.00776399420828522
"271" -0.0216953678016019 -0.00687967749428697 -0.00104165271683065 0.00978186891044341 -0.00352443399331026
"272" 0.00760039388541678 -0.00490811603777175 -0.011314345636575 -0.012139938508926 -0.0131691132276019
"273" 0.0255547739306081 0.0140485459187776 -0.0050695132302172 -0.00855361159341239 0.00386516989834451
"274" -0.00657670123687737 0.00367459253543512 0.00644518492139023 -0.00373448656916331 -0.00644804683643851
"275" -0.000312912835363832 0.0309033498891038 0.0240678343643479 0.0234980623686649 0.0205980049972529
"276" -0.006394834099682 0.00891541387458616 -0.00668437490163987 -0.00843752641113404 -0.00587901376070832
"277" -0.00142438601954531 0.0464337515711088 0.00475676483896281 0.0386664035791746 0.016529459155171
"278" -0.00943599607205847 0.0469143577076014 0.0871385658858101 0.0169380611786041 0.0321921561447409
"279" -0.00169540892403042 0.0122031852953022 0.0954083627835949 0.0485622328369075 0.017960896137069
"280" 0.0103148834416587 0.047191528271985 -0.0406638971330482 -0.0116067662942019 -0.000723520855976822
"281" -0.00976078183283313 -0.0108173809168255 -0.0257849737520544 -0.0228553220758494 -0.0249750410723877
"282" -0.0183853363515425 -0.014397823145389 -0.0147643024650115 -0.0252967433386591 -0.0125233211268343
"283" 0.00472471973882627 -0.0190829746890202 -0.0458121770185884 -0.0117661238563969 -0.0150266499994203
"284" -0.0333597884359911 -0.0519018158182689 -0.0322405548928328 -0.0847620886496934 -0.0498215071772341
"285" -0.128786065067599 -0.186102676043823 -0.1344941129173 -0.186367520270634 -0.230717782405871
"286" -0.0109609561533706 0.0195362280366131 0.0497438411475446 0.0409312833729905 -0.0185338016151215
"287" -0.044984587304139 -0.0212977989822525 -0.0140655181038043 -0.0410811541577516 -0.0607288794260468
"288" 0.0160441977511105 0.0479249225912284 0.00126825234433214 0.0155982441975135 0.0287101113457551
"289" 0.00311109063581227 -0.0022288107339703 -0.00208094318399299 -0.0101023102309901 0.0315459997028835
"290" -0.0212416857062543 -0.0264636722069804 -0.00782898167028945 -0.0291361291253023 -0.0422727165041472
"291" 0.0323298916649133 0.0685381938664547 0.0664972305608766 0.0409687272730186 0.0425931429375748
"292" 0.00228082576152033 -0.0269059223230661 -0.0336779501981217 -0.00592190582892105 -0.0175970940532739
"293" 0.00630166862995196 0.0234007647694252 0.0200250045176869 0.0113999713517101 0.0078384417562134
"294" -0.0168010432989032 -0.030074226806037 -0.0247416385924506 6.3162844305964e-05 -0.0124602948320591
"295" -0.0105217956348866 0.00520620153097795 0.0237821537518959 0.00150330755828865 -0.00347889734185003
"296" -0.000739878371801339 0.00260570116049141 0.00320573447435168 0.0056834180708627 0.00597301801468575
"297" -0.0359775015438633 -0.0366797369217258 0.00553759492641115 -0.0424312569571419 -0.0123056200703031
"298" 0.0428502667257753 0.0574307331132617 0.078666098216426 0.0549338175140313 0.0551374111293992
"299" -0.00299638992724383 0.00434913000826587 0.00586969130669268 -0.00921175002962915 -0.0063165671246681
"300" 0.0479150645345339 0.0654890660822396 0.0141465347574949 0.0394060286516398 0.0323352370584464
"301" 0.000724054452495793 -0.00860299521402741 -0.038578092082284 -0.0270495773469168 -0.0363047755964185
"302" -0.0382995845141245 -0.0586635750158999 -0.0128725190539438 -0.0330071693396432 -0.0429754150639221
"303" 0.00494367809401197 -0.00426998037293025 0.0186436978183409 -0.00147213268746604 0.016134334476785
"304" -0.00296524092212103 0.00713587587867615 0.0177272968359663 0.0125222856215279 -0.00530475136732811
"305" 0.00829582519256888 0.0284970105570768 0.0691918177032833 0.00637222800189008 0.0201612741062602
"306" -0.0224997338410997 -0.0313351786157163 -0.031044862171119 -0.0399112247217035 -0.024163161153159
"307" -0.0203393670830021 -0.0333964735516279 -0.0163981348250355 -0.0385145998685315 -0.0233796877784496
"308" 0.0103235818500025 0.0151233202922514 0.0623930868762723 0.044815196160489 0.0144973620001467
"309" -0.0159271164096921 -0.0253147845599218 -0.0254975911765276 -0.0306785860667622 -0.0377556909929178
"310" 0.00028925379453959 -0.00553644181516333 -0.00941771655649903 0.00905931536220272 0.00421353484318843
"311" 0.0332143925050286 0.0197038381292831 0.00927967433868848 0.0205648874166675 0.0529312337305301
"312" -0.00247953555341418 -0.007174258335235 -0.00637148684637046 -0.00421508519712699 0.0342373738369739
"313" -0.0229366065903562 -0.0213236185345957 -0.00667690648846153 -0.0236633876504948 -0.0254761741940568
"314" -0.0708465278853367 -0.0483589577007795 -0.0606265322112605 -0.0757812473305588 -0.0776633597669099
"315" -0.00616380972924979 -0.0113199702704367 0.010671180585879 0.00302533027667229 0.0120144143333718
"316" 0.153457421103683 0.121688760075594 0.0771167286420209 0.136358244602397 0.197653743040066
"317" 0.0655728566102685 -0.00873372126482508 -0.014623024043525 -0.00134439132983832 -0.0226229449794424
"318" 0.0313997224613924 0.0231906256080565 0.0161009699153691 0.0520655485475823 0.0316590491606963
"319" -0.0345838199543156 -0.0112435896630956 -0.0143305166129313 -0.0339703860790666 0.0145531041255911
"320" 0.0233072589795853 0.048970853507659 0.0266330326856299 0.0341320481270451 0.0897956884285982
"321" -0.0278058868432858 -0.0412848221953928 -0.0253729243279954 -0.0322242085590627 -0.00125328593003804
"322" -0.00274575879195105 -0.0057208320938722 -0.00141199313739193 0.00723406953532457 -0.0212088128608219
"323" 0.0105640543465437 0.00462021774340915 -0.00879270046561897 -0.000858589277164867 -0.0153449777023615
"324" 0.00588621162432723 -0.00117518362646152 0.0095381341248526 0.000435328399717605 0.0376364896854398
"325" -0.0117221320331939 -0.00788479761320726 -0.0162054531379194 -0.000560039997718143 0.00592007564291031
"326" 0.0216094615088078 0.0234018874979691 0.0299143609330841 0.0503845056724064 -0.00366624460718512
"327" -0.00870525016682144 0.0153451581843189 0.00629744234611884 0.0284343057680072 0.00928757843549821
"328" 0.00256360248475396 0.0131781754615297 0.0315345877185931 0.0159685773392351 0.0420569291223458
"329" -0.0154422535091587 -0.0264294868959043 -0.0680675642092847 -0.0448976491079893 -0.0466459543746858
"330" -0.0479239968849452 -0.0138790506542366 -0.0526705604853464 -0.0161052833774233 -0.0525677630733261
"331" 0.00494844982617693 0.00616368070111317 0.0168665778250576 0.0276598009763838 0.0211035858365136
"332" 0.0255100224713001 0.021686256806885 -0.00339120235121437 0.0258592389541779 0.0353877366701632
"333" -0.0360321309926181 -0.0230442397981729 -0.0179352908307826 -0.0319353867188097 -0.023574404445811
"334" 0.0107579141457972 0.0124754634381317 -0.00771458702898697 -0.00547827230032905 0.00973197131754411
"335" -0.00430412118924828 0.00601409680952436 -0.000752904205358895 -0.0073566648149308 -0.0141755151816598
"336" -0.0158509109470426 -0.0186102195885711 -0.0145760672074737 -0.032804452768322 -0.0263611339206191
"337" -0.0196311228768007 -0.0244695022500494 -0.0275309259206018 -0.0240299029874116 -0.0517309698197712
"338" 0.00315891908972254 0.013887307250477 0.00610685483703866 0.0123981534456767 0.00704585518704004
"339" 0.00225434495166787 0.00753828037865301 0.00432202652821556 0.0168266951911828 0.00384878184845672
"340" -0.0397996472727922 -0.0324431654503723 -0.0448176097098654 -0.0597879975961426 -0.0769975775694896
"341" -0.00663191337559432 -0.0127652166505685 0.00773811664685486 -0.0129809066228797 -0.0198269608281345
"342" -0.00590817854982717 -0.0119507812587285 -0.0154891742936263 -0.00398555313056637 0.00284825870115846
"343" -0.0597148855267715 -0.079873550349725 -0.0277371885464541 -0.0812506363353855 -0.0713435452692375
"344" -0.0429308335269987 -0.0663526568816124 -0.0512458938976834 -0.0633939783505131 -0.0773689559990318
"345" 0.00636518525586993 0.0129818553506489 0.0161708119728248 0.0163991503443066 0.0311958788374316
"346" -0.0603071483608844 -0.084022290459175 -0.0620797553910768 -0.093661805660374 -0.06393434547235
"347" 0.0315507974780118 0.0443647005109513 -0.0109924145447249 0.037785935540537 0.0267688980720289
"348" 0.00458300475485984 0.0109876622185388 0.0133544552049514 0.0294029198002326 0.0173160690311969
"349" 0.0495974526842993 0.0337694294048321 0.0158726842212649 0.0173925002751085 0.0392837196676732
"350" -0.012274426088192 -0.0114124578895423 -0.003726920900464 -0.0191612484997292 -0.00748335609274164
"351" 0.0423354151143798 0.0223588517506643 0.0298887671310299 0.0370992420670446 0.0274242402545228
"352" -0.0262287930507767 -0.0181713287999425 -0.0198708076471066 -0.0288669539013862 -0.0295286561739259
"353" -0.0183981702664457 -0.004610773237129 -0.00269128005104768 0.00587178548412215 -0.0129323558816674
"354" -0.0142522109745986 -0.0138511217447954 -0.0272072433092967 -0.0428691047407757 -0.00305067669341774
"355" -0.00152469368774 -0.0105061406224891 0.00153635309378686 -0.0171269636170734 -0.0112985175381848
"356" -0.0134374036227847 -0.0118020316874192 -0.0234498844201614 -0.001997107904391 -0.0176417739458934
"357" 0.0252980111603058 0.0145374486554379 0.0307520176986538 0.00204492141167467 0.0158110988681228
"358" 0.0212809010383062 0.00755441342940077 0.0212110016835849 0.013244566116716 0.0078658600962358
"359" -0.00517700592423509 -0.00930552730400613 0.00734550363057029 -0.00418148539277974 -0.00691091439978919
"360" 0.00204350255474495 0.0208411748416504 0.00836776668433648 0.00867452348876041 0.00605558390812533
"361" -0.0235649957094122 -0.0202167408262577 -0.0223813537789546 -0.025198492275047 -0.0198283192357218
"362" -0.0154752106059401 -0.0119415809504497 -0.00861369006422708 -0.00707145679941501 -0.00657546682602916
"363" -0.00280786829937085 -0.0154726043600064 -0.00782155091412062 -0.0120544638044242 -0.00429732107230762
"364" -0.00491740120216555 0.00630746210576927 -0.0125041779590631 -0.0015039638203751 -0.00400280980785084
"365" 0.0117475261617628 0.00335183520077553 0.0111887091532996 0.0192038382173307 0.0271062779924476
"366" -0.0275461278859588 -0.0223662247269267 -0.0203023941908926 -0.0260693795243689 -0.026218248244807
"367" 0.00629343203758026 0.00387693230281094 0.00523692416652111 0.00385839826193335 0.00603398971484648
"368" -0.0335897127285651 -0.0733626811431138 -0.0563947859326996 -0.084761633800825 -0.0549214951130974
"369" -0.0385736714535199 -0.0822240230384974 -0.115451164020448 -0.0773231204537277 -0.107595629090503
"370" 0.0972457808113063 0.0870581571563056 0.0692885336437243 0.100348653189034 0.0705393229875382
"371" -0.0203160923526102 -0.0362400072569411 -0.0431881408924826 -0.028887776808157 -0.0152435671921802
"372" 0.00796390775021294 0.00342031466957415 0.0392461473733086 0.0124591839716053 0.00608903302324659
"373" -0.00842707176606616 -0.012632096204662 -0.0192354180696408 -0.0111070724499909 -0.00466026981149614
"374" 0.0510926628391299 0.0425274198274694 0.0282611089746192 0.054695654673937 0.0549252636539652
"375" -0.0260373548535124 -0.0333970497716445 -0.0375872956640133 -0.0321816992976651 -0.034987214351375
"376" -0.00912256719300331 -0.00304700037812999 0.0040742298611347 -0.00792652358331392 -0.0106036518665009
"377" -0.00864474780079227 -0.0221451104677133 -0.0108903770446029 -0.00594146716696242 -0.0156106688413171
"378" 0.00257041734557362 0.00822084609161333 0.00429080932889092 -0.0004904536849617 0.0145878361070855
"379" 0.00432145880439805 0.00134785985995656 0.00366824089543183 0.0217115436288036 0.0766428874045584
"380" 0.00836861014855117 0.0138801983524042 0.0150741805249086 0.0428612686996224 0.0150034696131645
"381" 0.0137918337200205 0.050631112038598 0.0191804169291359 0.00914767775139902 0.0319400854725931
"382" -0.024560487526033 -0.0256041321510407 -0.020072221926664 -0.0199217553556199 -0.0231528480669416
"383" -0.00780450098946517 -0.0195069449876595 -0.000743448631832289 -0.0269220953763378 -0.017092794098108
"384" 0.00111021532688405 0.0122180915832253 -0.000912928698226789 0.00709313949647683 -0.0040717855515382
"385" -0.0323032158047951 -0.0262429650376879 -0.0281245266344419 -0.0522899483834816 -0.0404057588090625
"386" 0.0549750731798522 0.0578899034542752 0.0318921606326401 0.0702238131411672 0.127380394474532
"387" 0.00325737302873463 0.00111053365117897 -0.00137933899213416 0.0137372674172567 0.0116070289005457
"388" -0.00179098560273694 0.00571363902705446 0.00939654073274099 0.0124514395155044 -0.0070087798323879
"389" 0.0531146718140718 0.0621776848129496 0.136687734324429 0.0551067297727807 0.0900834020227821
"390" 0.0489003821154537 -0.00855804341092803 -0.0433973107844756 0.0126493968170629 -0.00526670676709173
"391" -0.0123240904761044 -0.0149075403370658 -0.0295521711684485 -0.0223569258908296 -0.00840125756407506
"392" -0.0288749734183416 -0.0211006805505995 -0.0181871953516468 -0.0114948000298942 -0.0106731154358704
"393" 0.046927772536705 0.0488967278514059 0.0432342276922131 0.0898297657935991 0.130888209165018
"394" -0.0214736579190191 -0.0149165194600958 -0.00575754075887858 0.00732951595739983 -0.039075128434038
"395" 0.0189122497668812 0.0269424418242972 0.0170314342625655 0.0407745345527162 0.0353658422344356
"396" -0.00841424685560455 -0.0198936898204973 -0.0177269831470042 -0.0365039765084889 -0.0116633997586728
"397" 0.0845184960680481 0.144478113063755 0.10667419411291 0.165355581417942 0.266777609241871
"398" -0.00161746808727159 0.00151517179892124 -0.0076555733235022 -0.00690351289302615 -0.0272685706806293
"399" -0.0109167460689701 -0.0136208775889992 -0.0201734889349596 -0.0101846922246471 -0.0392711127447969
"400" 0.0220618901709972 0.0351858554447704 0.0434489455109635 0.0582697478813303 0.117082913489797
"401" 0.000479566579466351 0.0240095915305796 0.0176725258579364 -0.0280887538347656 -0.0777124136603335
"402" -0.0233248543411211 -0.041744308341058 -0.0312832346870466 -0.0278024316876886 -0.000341751837203752
"403" -0.00772376286904297 -0.000767877398001993 -0.0127632745840265 -0.00910451384773747 0.0100592750212201
"404" 0.0105505313007868 0.0157790887739608 0.0175035119985356 0.00731227280102331 0.00144617791331214
"405" -0.00776579856274928 -0.0101391589043507 -0.000369119797205331 0.00896004322167521 0.0120643648663155
"406" -0.0317928610147327 -0.0313311960532827 -0.0497915234164339 -0.0655456551875893 -0.0686471957174657
"407" 0.00490502119665948 -0.0010512952008872 -0.0143843818088798 -0.000709823156122447 -0.0178163905441355
"408" -0.0111503452537036 -0.0122502705667422 -0.0128280639454255 -0.0208226807722305 -0.0296105342737203
"409" 0.0312318508199603 0.044805553296503 0.0509330291633321 0.0529545761102903 0.112981562353848
"410" 0.0342878598691403 0.0139474014879832 -0.00070127575999579 0.0413973633995273 0.0440759628565539
"411" 0.0543077880598943 0.0357432856196001 0.0378223139367311 0.0362322446768184 0.0468694772077471
"412" -0.00979171679014357 -0.0128644123299715 -0.0179534142107542 -0.0155585179306144 0.000704595348970827
"413" 0.023003745880775 0.0603856858277627 0.035565230437921 0.129494875726894 0.0347376798737304
"414" -0.0184603848458558 -0.0261700311557824 -0.017694517759846 -0.00047156815289906 -0.0487162550223905
"415" 0.00478826397385212 0.0214052543177852 0.00770043164017054 0.0409639932044312 0.0147902027799551
"416" -0.00692167780909081 0.0241904326905935 0.0388430902897388 -0.0136179201694553 -0.008871008955464
"417" -0.00487662272833589 0.00732471929105305 0.0147870832381105 -0.00318291864072773 0.0199948499044105
"418" -0.0123954214377981 -0.0065473397064677 0.044393974152702 -0.0260913358439492 -0.0125444629634162
"419" 0.0470462125648581 0.0778465981724272 0.0437295369437718 0.0676851095092479 0.157862526120575
"420" 0.0152967584895976 0.0438815101016559 0.0181532659409827 0.012037192145244 -0.00105765748257536
"421" 0.00575041002127819 0.0477214771248624 -0.0131288216704974 0.0114699520216526 -0.0085864962338178
"422" 0.0101198123725474 0.000794834912387188 -0.00521761206156124 0.0324424959797787 0.0108912172729836
"423" 0.0247330789612015 0.0225101862500141 0.017470599161761 0.00390746590134139 0.0114744611538162
"424" -0.0304543036614362 -0.0243556395397624 -0.0338437994435985 -0.0382806376691711 0.00727750720392795
"425" 0.0403872811639037 0.063590864127745 0.0317187499004798 0.0354898841283671 0.0226341858461776
"426" 0.00871298371805196 0.112890392544569 0.0782718224493399 0.0570380226286016 0.0233057266420165
"427" -0.0107998525112816 0.0092087265003773 0.0707008304662677 -0.00923899237401216 0.00387747026560348
"428" 0.0122355681918052 0.0624953339258498 0.0274638307881601 0.0333922034410872 0.0366155117613278
"429" -0.0448446327621266 -0.0768671128232352 -0.0902947661891693 -0.082719559802503 -0.116385214287651
"430" 0.00145176449696827 -0.0228999247562154 -0.0477165772215149 -0.0249266984742862 -0.0623535060896927
"431" -0.0229158164181928 0.0342212978984433 -0.0206834762455919 -0.0197908449263853 -0.00393910252326091
"432" 0.0471299975491419 0.0544765818640203 0.0411715900728076 0.0541024533721917 0.0228231448870337
"433" -0.0584021769125922 -0.0892904670443597 -0.0847761464784986 -0.0909474797870899 -0.105457350554036
"434" 0.00354503006349383 -0.00242900789870593 -0.0117772751075158 -0.0147915652696895 -0.0159347587334997
"435" 0.00732902880435304 0.0286778558075031 0.010113868719456 0.0529243855042294 0.014887937670288
"436" -0.00342690561587666 -0.0131266510989931 0.00310943623243065 0.0201959369980935 -0.0130236265563637
"437" 0.0316242317934243 0.0495728126722668 0.0313545652797356 0.063351943160578 0.0793096249437371
"438" -0.0305457016732706 -0.0364834381539714 -0.0482586062687718 -0.0534090869972212 -0.0647230587650256
"439" -0.0387789809126442 -0.075545332723876 -0.0710709136445631 -0.0645915902987291 -0.0726271636978071
"440" -0.0549650100870949 -0.0939739867980176 -0.0942367363538361 -0.157307813951038 -0.101825418530581
"441" 0.00136015658026878 0.0151528830284109 0.0373034442762172 0.0171967462093834 0.0158685687401938
"442" -0.0152667798437047 -0.00330982490915765 -0.00638278102761713 -0.0285138414823614 -0.0246421755080046
"443" -0.0200298895625988 -0.0429404506081701 -0.0340410110579417 -0.0324541027388738 -0.0317311413015373
"444" 0.00280129288057474 0.00252486878306968 -0.00644503180902323 -0.00444394937287651 0.0211151275139114
"445" 0.0440153942720123 0.0629169677247514 0.0523576607754883 0.0613818178741106 0.0832758947785104
"446" -0.0199780558831293 -0.036896338300294 -0.0235324898528428 -0.00764485483054411 -0.0307731270753404
"447" 0.00348929518112584 0.00540829195120018 0.00430896626971933 -0.00973634383086441 -0.0292021555577282
"448" 0.0360490912914049 0.0192435736223544 0.0223072458978057 0.0295590565886741 0.055317199847293
"449" 0.00693879823735344 0.0700677994058099 0.0219424880928403 0.0192881262446516 0.0391087689433629
"450" -0.0275679439747076 -0.032310318069861 -0.0357499402883532 -0.0452460306422822 -0.0576527634610864
"451" -0.0997266658269371 -0.174365589126552 -0.148424133357023 -0.168795669016722 -0.189606384267133
"452" -0.0182853979003728 0.0140237295173646 0.024868345894681 -0.0136014557145039 -0.00424857541932244
"453" -0.00263611756444782 -0.0103859548745753 0.0109613202916456 -0.00612614140983014 -0.00612948693863213
"454" 0.00538599879658541 -0.030796668413827 -0.0177165937998276 -0.0333604974456332 -0.0160366053431753
"455" -0.493869167380653 -0.575798097564161 -0.404741367797567 -0.471470434410898 -0.597117357147608
"456" 0.153560441647993 0.215114401254636 0.145189635174189 0.228592950366589 0.200812194549074
"457" -0.0857357423165102 -0.100330975241519 -0.0964419727120698 -0.0992969434627655 -0.073294350826373
"458" 0.0335385813718219 0.00784182888346052 0.048638068462787 0.0517704804513204 0.07348246720142
"459" -0.0646325961209335 -0.108842616005891 -0.082975558557594 -0.087965621820874 -0.0421307915302203
"460" 0.059205547989702 0.0459147849604244 0.0471187860179429 0.0290119165671165 0.0607175200156087
"461" 0.0107070539263692 0.0181243407013678 0.000901613437688464 0.0139354254374093 0.0080469838923225
"462" 0.140649246051526 0.149257444606939 0.113875418680023 0.121542997427608 0.185951301821332
"463" 0.0014576719014805 -0.0274796883972295 -0.0525416860216601 -0.0263126156431581 -0.0332270868606299
"464" -0.0014552876164764 -0.00503375657601168 0.00865401083293538 0.0059449032923764 0.0235998642635602
"465" -0.0615143965872598 -0.0789371669664565 -0.065770290662728 -0.0771464050022184 -0.0811002223819184
"466" 0.108324006669326 0.109241605601066 0.072241895660307 0.0973594586706361 0.0918086633720954
"467" 0.0398096793038292 0.015734997079524 0.0228224607083172 0.0389445714932206 0.0247108564138063
"468" -0.00799306611571637 -0.0174054460532549 -0.00354704747008205 -0.0342065695620288 -0.0297106482221423
"469" 0.00560387658832973 0.0143689693159104 0.0831123609855864 0.0269638543576702 0.0304341420326777
"470" -0.0604125010483259 -0.0555716838735174 -0.0242539066716052 -0.0602616869502124 -0.067290241767223
"471" -0.020302046958907 -0.00341087189012512 0.016954917219745 0.0196971072971763 0.00104233250763475
"472" -0.0600431242182253 -0.0518923872306356 -0.0766692957777344 -0.0476257781415068 -0.0408348259979761
"473" 0.0860051586116395 0.0620406847723256 0.0534341551737512 0.0503013309560787 0.0699114263756648
"474" 0.00335208044226221 0.00639891025209938 0.0131238111862979 0.00622043456742549 -0.00648312129397421
"475" 0.0363966514550214 0.0213107443919744 0.0102924418116166 0.00329336676382619 0.024193506093602
"476" 0.0199692034090635 0.0384409723962502 0.0160336773617595 0.0142462916032859 0.0337181404752629
"477" -0.00678763708927121 0.00217725374511968 0.00889630146276144 0.016551023851223 0.0191335967228774
"478" 0.0189522367855961 0.0204776657547754 0.00988081303918587 0.00682902026660237 0.00977090327305152
"479" -0.0135919686707648 -0.0106191942390792 -0.0116047206468117 -0.0105458211571845 -0.0307146548872197
"480" 0.0820794078577975 0.185303522529402 0.102399548946906 0.112518616659174 0.113291271924144
"481" -0.0216734127475586 -0.043870644055767 -0.0306001569236931 -0.00952929886945775 -0.0255742463523596
"482" 0.0232978370030086 0.0522194624393588 0.0483854267068848 0.0400698335854122 0.0576645857610831
"483" -0.0111919545749757 -0.0213454375946425 -0.0206562873040081 -0.00645919198065226 -0.0428474717505809
"484" -0.0600497083059484 -0.0724648426071592 -0.0548775102574595 -0.0911758394946895 -0.0955538977025183
"485" 0.00264625563873899 0.00337852785877324 0.00655112451030426 0.00718148188959278 0.000680355256602816
"486" 0.00297011915360912 0.00107319139531192 0.00254023566867989 -0.0132590392697676 0.00106903117452806
"487" -0.00474376358478956 -0.0105197084246171 -0.00513868697268105 -0.0150553596837137 -0.0381701119072595
"488" -0.000388716332142991 0.00951710937047334 -0.0127985451543986 -0.00525714922608111 -0.0075505025746434
"489" -0.0357965300732257 -0.0358854546557916 -0.0302193581938477 -0.046475625189232 -0.0353386420585995
"490" 0.0713563432794313 0.12148318975399 0.0553934170881001 0.0794136758521029 0.0879185418943225
"491" -0.0113453240004695 -0.00955614123640114 -0.0112491067789784 -0.00705566060288909 -0.0113182705572985
"492" 0.0314615243520038 0.0941051415969909 0.0365815250072525 0.0448033228012288 0.0493307064509629
"493" -0.0182026475888151 -0.0404972184005103 -0.0330136449241438 -0.043656644574436 -0.0516259620580524
"494" -0.0411388013763965 -0.0561268000320556 -0.039895608535522 -0.0486033480778012 -0.0551701092148438
"495" 0.00296657062551908 0.00366196485919357 0.0110264336917132 0.0105135627096713 0.00272905715401262
"496" 0.0386153454006735 0.0665037511747322 0.0227724024401623 0.0271124281678166 0.0574613183640462
"497" 0.0498767529254884 0.0170974285756218 0.0248688682253198 0.027087532586286 0.0197744832087094
"498" 0.00148655260540487 0.00885160545953223 0.00124951888201075 0.0351308079916861 0.00146864646604428
"499" 0.00540204027795887 0.0350919458621286 0.00663827826451269 -0.00241795894578001 0.00149090323888501
"500" 0.0216656846623469 0.0182359352485237 0.0120381258789739 0.00612136063067181 0.0350268948119625
